GATE_DS_DP: -507.2222,50,-1366.111,299.2777,1,0
GATE_SB_DP: -397.2222,50,-1409.111,-79.72225,1,1
GATE_SH_DP: -287.2222,50,3264.889,267.2777,1,1
DP_DE04: -177.2222,50,-659.111,429.2778,1,1
DP_DE07: -67.22221,50,22.88898,272.2778,1,1
DP_DEA08: 42.77775,50,-343.1111,326.2778,1,1
DP_FE01: 152.7778,50,538.8889,-315.7223,1,1
DP_FE02: 262.7778,50,-459.1111,-193.7222,1,1
DP_FE04: 372.7778,50,392.8889,-299.7222,1,1
DP_FE05: 482.7778,50,-210.1111,-238.7222,1,1
DP_FEA06: 592.7778,50,-603.1111,-159.7222,1,1
DP_FEA07: -507.2222,0,-350.1111,-171.7222,1,1
DP_FIS01: -397.2222,0,-1064.111,106.2778,1,1
DP_FI02: -287.2222,0,-1291.111,-181.7222,1,1
DP_FI04: -177.2222,0,-954.111,-194.7222,1,1
DP_FIA07: -67.22221,0,-740.1111,-169.7222,1,1
DP_FIA08: 42.77775,0,-1065.111,-36.72219,1,1
DP_FIA09: 152.7778,0,-1064.111,-164.7222,1,1
DP_IN01: 262.7778,0,69.88898,-103.7223,1,1
DP_IN03: 372.7778,0,-954.111,98.27781,1,1
DP_IN04: 482.7778,0,-793.111,-32.72219,1,1
DP_IN05: 592.7778,0,-633.111,37.2778,1,1
DP_INA06: -507.2222,-50,2010.889,-188.7222,1,1
DP_IN07: -397.2222,-50,-1249.111,283.2777,1,1
DP_LE03: -287.2222,-50,2149.889,-347.7222,1,1
DP_LEA04: -177.2222,-50,-160.111,125.2777,1,1
DP_LE05: -67.22221,-50,-667.111,237.2778,1,1
DP_LEA07: 42.77775,-50,-216.111,263.2777,1,1
DP_LES08: 152.7778,-50,351.8889,135.2778,1,1
DP_LE09: 262.7778,-50,-787.111,253.2778,1,1
DP_TB01: 372.7778,-50,2834.889,-169.7222,1,1
DP_TB02: 482.7778,-50,1034.889,-341.7222,1,1
DP_TB03: 592.7778,-50,1671.889,-296.7223,1,1
DP_TB05: -507.2222,-100,2507.889,-190.7222,1,1
DP_TBA06: -397.2222,-100,820.8889,-296.7223,1,1
OffScreenDen_DP: -507.2222,200,-634.111,1041.278,1,1
Connection: GATE_DS_DP,DP_DE04,0,0,0,0,0,0
