GATE_DS_DP: -507.2222,50,0,0,1,0
GATE_SB_DP: -397.2222,50,0,0,1,1
GATE_SH_DP: -287.2222,50,0,0,1,1
DP_DE04: -177.2222,50,0,0,1,1
DP_DE07: -67.22223,50,0,0,1,1
DP_DEA08: 42.77777,50,0,0,1,1
DP_FE01: 152.7778,50,0,0,1,1
DP_FE02: 262.7778,50,0,0,1,1
DP_FE04: 372.7778,50,0,0,1,1
DP_FE05: 482.7778,50,0,0,1,1
DP_FEA06: 592.7778,50,0,0,1,1
DP_FEA07: -507.2222,0,0,0,1,1
DP_FIS01: -397.2222,0,0,0,1,1
DP_FI02: -287.2222,0,0,0,1,1
DP_FI04: -177.2222,0,0,0,1,1
DP_FIA07: -67.22223,0,0,0,1,1
DP_FIA08: 42.77777,0,0,0,1,1
DP_FIA09: 152.7778,0,0,0,1,1
DP_IN01: 262.7778,0,0,0,1,1
DP_IN03: 372.7778,0,0,0,1,1
DP_IN04: 482.7778,0,0,0,1,1
DP_IN05: 592.7778,0,0,0,1,1
DP_INA06: -507.2222,-50,0,0,1,1
DP_IN07: -397.2222,-50,0,0,1,1
DP_LE03: -287.2222,-50,0,0,1,1
DP_LEA04: -177.2222,-50,0,0,1,1
DP_LE05: -67.22223,-50,0,0,1,1
DP_LEA07: 42.77777,-50,0,0,1,1
DP_LES08: 152.7778,-50,0,0,1,1
DP_LE09: 262.7778,-50,0,0,1,1
DP_TB01: 372.7778,-50,0,0,1,1
DP_TB02: 482.7778,-50,0,0,1,1
DP_TB03: 592.7778,-50,0,0,1,1
DP_TB05: -507.2222,-100,0,0,1,1
DP_TBA06: -397.2222,-100,0,0,1,1
OffScreenDen_DP: -507.2222,200,0,0,1,1
Connection: GATE_DS_DP,DP_DE04,0,0,0,0,0,0
