Palette: 36
FadePalette: 10, 0.5543478, 0.5543478, 0.5543478
