Template: DP_SettingsTemplate_Exterior
CeilingDrips: 0.2173913
Clouds: 0.3913043
Grime: 0.08695652
EffectColorA: 5
EffectColorB: 13
PlacedObjects: LightSource><1574.919><370.9328><0.6195652~Environment~-572~-177~50~86.60254~1~0, LightSource><2179.103><496.8392><0.5108696~Environment~406~-161~50~86.60254~1~0, LightSource><1025.09><342.1787><0.3913043~Environment~477~-140~50~86.60254~1~0, LightSource><2895.191><508.0607><0.2065217~Environment~-630~-307~-335~-156.3975~1~0, 
AmbientSounds: OMNI><AM_ENV-CricketsWnd.ogg><739.3104><218.9365><0.2608696><0.7847826, SPOT><AM_WIN-MedWind.ogg><788.1095><41.60767><0.4565217><1><3021.109><294.6077><-290.3553><-166.3553><0><0.252174, SPOT><AM_ENV-LushNight.ogg><394.0223><441.4488><0.3913043><1><17.02234><239.4488><321.6447><-274.3553><0><0.4260871, SPOT><Mech Active.wav><523.8091><570.3097><0.2717391><0.8043478><1573.809><635.3097><-228.3553><-270.3553><0><0.2630436, 
FadePalette: 10, 0.3695652, 0.6413044, 0.5543478
