Clouds: 0.04347826
AmbientSounds: SPOT><SO_WAT-Splashes.ogg><314.819><316.335><0.3043478><0.8630434><325.819><-8.665039><-76.35535><172.6447><0><1, SPOT><SO_WAT-OpenFlow.ogg><522.0697><312.3366><0.2826087><0.823913><357.0697><92.33661><-155.3553><-11.35535><0><1, 
FadePalette: 8, 0.3695652, 0.3586957, 0.3586957
