Clouds: 0.0326087
Grime: 0.05434782
AmbientSounds: SPOT><SO_IND-NoiseMech.ogg><465.6525><247.3795><0.5><1><-63.34753><209.3795><98.64465><-172.3553><0><0.2086958, 
FadePalette: 10, 0.4782609
