Template: NONE
Clouds: 0.0326087
Grime: 0.05434782
Palette: 36
AmbientSounds: SPOT><SO_IND-NoiseMech.ogg><465.6525><247.3795><0.5><1><-63.34753><209.3795><98.64465><-172.3553><0><0.2086958, OMNI><AM_WIN_Hilltop.ogg><729.3843><435.4131><0.2282609><1, OMNI><SO_IND-HVAC.ogg><728.6038><368.8636><0.2934783><1, SPOT><SO_SFX-GlassGhost.ogg><777.4221><203.648><0.2065217><0.726087><837.4221><436.648><-159.3553><-380.3553><0><0.1, 
FadePalette: 10, 0.4782609
