Template: NONE
Clouds: 0.07608695
Grime: 0.08695652
Palette: 36
EffectColorA: 14
PlacedObjects: LightSource><3338.73><868.5437><0.0326087~Environment~821~42~50~86.60254~1~0, LightSource><3368.446><1503.209><0.1956522~EffectColor1~449~-442~-20~-287.3975~1~0, LightSource><1945.778><871.198><0.2826087~Environment~516~-270~50~86.60254~1~0, LightFixture><3368.585><1085.364><RedLight~17.32051~-10~73, LightFixture><3894.948><1292.777><RedLight~-264.6795~34~44, LightFixture><3912.168><114.9325><RedLight~17.32051~-10~72, LightSource><1990.633><384.4225><0.1413043~EffectColor1~-141~-362~-614.1111~-161.3975~1~0, LightSource><469.8025><1196.969><0.1956522~Environment~-673~238~50~86.60254~1~0, CustomDecal><3148.804><-56.20798><-177~554~725~679~941~50~64~284~0~1~1~Rust2~0.2282609~0.8043478~0.2282609~0.8043478~0.2282609~0.8043478~0.2282609~0.8043478, CustomDecal><121.0795><822.9335><-93~671~784~741~524~15~-250~167~0~1~0.8478261~BlackRust1~0.8913044~1~0.8913044~1~0.8913044~1~0.8913044~1, CustomDecal><935.6007><-53.07721><-13~187~1156~82~1153~0~0~0~0~1~1~DirtyWaterLine~0.5543478~1~0.5543478~1~0.5543478~1~0.5543478~1, LightFixture><1367.567><108.92><RedLight~17.32051~-10~61, DangleFruit><3650.188><982.6901><0~0~2~3, DangleFruit><3683.428><1029.41><0~0~2~3, DangleFruit><3722.424><1012.41><0~0~2~3, 
AmbientSounds: OMNI><AM_ENV-CricketsWnd.ogg><764.5502><550.0079><0><0.5891304, OMNI><SO_SFX-GlassGhost.ogg><769.2815><433.9475><0.3478261><0.6282609, OMNI><AM_WIN-MedWind.ogg><779.6048><352.3297><0.3369565><0.7456522, SPOT><SO_WAT-OpenFlow.ogg><680.6426><619.1403><0.5><1><481.6426><950.1405><-72.35535><-162.3553><0><0.4152175, SPOT><SO_WAT-Splashes.ogg><692.3737><99.40509><0.2391304><1><463.3737><94.40511><-112.3553><90.64466><0><0.3934784, SPOT><SO_WAT-OpenFlow.ogg><492.087><376.634><0.2826087><1><3984.087><852.6342><-104.3553><-231.3553><0><0.654348, SPOT><SO_WAT-Splashes.ogg><615.3121><323.9314><0.2608696><1><4021.312><147.9315><-127.3553><22.64465><0><0.4695654, 
FadePalette: 10, 0.6630435, 0.7826087, 0.8586956, 0.6086956, 0.5978261, 0.6630435, 0.6739131, 0.7282609, 0.8804348
