Template: NONE
Clouds: 0.9130435
Grime: 0.07608695
Palette: 36
EffectColorA: 7
PlacedObjects: LightSource><453.4351><512.6892><0.1304348~Environment~-398~-371~50~86.60254~1~0, LightSource><497.449><-41.7301><0.1086956~Environment~-541~418~50~86.60254~1~0, 
AmbientSounds: OMNI><waterGurgleLOOP1.wav><714.5298><551.3022><0.1195652><0.4913043, OMNI><SO_SFX-UnderWaterSub.ogg><711.8032><471.7143><0.3913043><1, SPOT><SO_WAT-LightFlow.ogg><751.8598><295.1426><0.2826087><0.6478261><205.8598><37.14261><-129.3553><90.64465><0><0.7413045, SPOT><SO_WAT-DripTap.ogg><337.6032><415.1713><0.5><1><465.6032><461.1713><-33.35535><-127.3553><0><0.1869567, OMNI><AM_IND-ElectricHum03.ogg><559.0774><550.8989><0.1413043><0.4521739, OMNI><AM_WIN-SubWnd.ogg><724.6733><659.5999><0.2608696><0.6478261, OMNI><AM_ENV-SubTerr.ogg><756.5939><404.8234><0.5108696><0.823913, OMNI><SO_SFX-Doomsday.ogg><103.7316><425.9492><0.5><0.4717391, 
FadePalette: 8, 0.6413044
