Template: NONE
Palette: 10
EffectColorA: 3
EffectColorB: 4
PlacedObjects: CustomDecal><179.3311><245.6828><8~306~398~296~425~0~-420~-65~0~1~0~Iterators~0.07608695~0.3695652~0.07608695~0.3695652~0.07608695~0.3695652~0.07608695~0.3695652, LightBeam><480.1989><129.2715><-171~596~96~595~257~25~348.0001~-215~0.3891303~0.1847826~0.8152174~1, CustomDecal><601.9319><234.4167><-2~240~301~242~309~-6~-776~-302~0~1~0~NeonEye~0.05434782~1~0.05434782~1~0.05434782~1~0.05434782~1, CustomDecal><324.9994><162.45><17~212~208~209~220~-1~0~0~0~0.6195652~0~TallSquid~0.05434782~0~0.05434782~0~0.05434782~0~0.05434782~0, 
FadePalette: 0, 0.06521739
