Clouds: 1
Palette: 10
EffectColorB: 6
PlacedObjects: LightSource><1774.974><87.94901><0.05434782~Environment~-796~291~50~86.60254~1~0, LightSource><1129.367><589.3377><0.1847826~EffectColor2~-235~-548~-280~-244.3975~1~0, LightSource><1086.448><124.2776><0.05434782~Environment~-1188~88~50~86.60254~1~0, DangleFruit><591.0594><583.8101><0~0~2~3, DangleFruit><562.4498><529.4915><0~0~2~3, DangleFruit><545.8131><577.8102><0~0~2~3, DangleFruit><1339.673><526.1847><0~0~2~3, DangleFruit><504.2662><584.3007><0~0~2~3, WaterNut><124.0576><474.4415><0~0~2~3, WaterNut><142.9094><474.6207><0~0~2~3, WaterNut><104.5574><470.446><0~0~2~3, CustomDecal><1146.447><420.0332><6~180~196~173~198~1~400~-210~0~1~0~CandyTag~0.5~0~0.5~0~0.5~0~0.5~0, CustomDecal><-141.0626><443.4399><-1~146~144~151~155~0~0~0~0~1~0~goblin~0.5~0~0.5~0~0.5~0~0.5~0, 
FadePalette: 35, 0.1521739, 0.1521739
