Palette: 36
AmbientSounds: SPOT><SO_SFX-PulseWav.ogg><724.8645><366.8529><0.07608695><1><1571.865><591.8529><-364.3553><-162.3553><0><0.3391306, SPOT><SO_SFX-Pulse.ogg><745.2177><172.9474><0.06521739><1><1568.218><556.9474><-9.355347><-14.35535><0><1, 
FadePalette: 10, 0.5543478, 0.5543478, 0.5543478
