Template: NONE
Clouds: 0.1195652
Grime: 0.423913
BkgDroneVolume: 0
Palette: 36
Effects: LightBurn-0.4891304-377-152, Fog-0.2065217-378-27, FireFlies-0.3695652-376-278, 
AmbientSounds: OMNI><AM_ENV-CityTone.ogg><79.30048><289.7635><0.5><0.9413043, OMNI><AM_WIN-MedWind.ogg><70.94177><200.4434><0.25><1, OMNI><Deep Weird Wind.wav><90.62729><100.0921><0.1086956><1, SPOT><SO_NAT-WindTunnel.ogg><856.9714><199.5521><0.2065217><0.4130435><637.9713><832.5522><-48.35535><-46.35535><0><0.1, SPOT><Deep Weird Wind.wav><754.913><642.8199><0.2065217><1><399.913><1238.82><-42.35535><-37.35535><0><0.1, SPOT><SO_NAT-WindTunnel.ogg><733.9927><355.5501><0.2065217><0.4130435><397.9927><1237.55><-43.35535><-35.35535><0><0.1, 
FadePalette: 10, 0.6086956, 0.6086956
