Template: NONE
DangerType: Flood
Clouds: 0.6413044
Grime: 0.2717391
WaterReflectionAlpha: 0.2065217
Palette: 28
EffectColorA: 13
Effects: LightBurn-0.3152174-523-376, FireFlies-0.05434782-648-469, WaterGlowworm-0.7065217-630-249, RockFlea-0.06521739-20-20, 
PlacedObjects: CustomDecal><1440.972><321.948><31~312~260~312~247~4~242~-349~0.1847826~0.3695652~1~BlackRust1~0.3369565~0.8478261~0.3369565~0.8478261~0.3369565~0.8478261~0.25~0.8478261, CustomDecal><1294.353><386.1351><43~271~-262~261~-200~-163~-349~-172~0.1630435~0.3152174~0~BlackRust1~0.4130435~1~0.4130435~1~0.4130435~1~0.4130435~1, CustomDecal><192.3185><555.6879><-56~302~287~306~240~14~-332~-157~0.4782609~0.7065217~0~RunningWhite~0.02173913~1~0.02173913~1~0.02173913~1~0.02173913~1, CustomDecal><211.244><650.3><-42~342~212~353~228~-5~-192~-472~0.4782609~0.7826087~0~Rust1~0.08695652~1~0.08695652~1~0.08695652~1~0.08695652~1, 
FadePalette: 10, 0.8369565, 0.8804348, 0.8913044
