Clouds: 1
Palette: 8
PlacedObjects: LightSource><1774.974><87.94901><1~Environment~-74~200~50~86.60254~1~0, LightSource><101.8589><493.0823><1~Environment~110~126~50~86.60254~1~0, LightSource><75.6488><148.3275><1~Environment~248~232~50~86.60254~1~0, LightSource><472.4104><598.2772><1~Environment~0~100~50~86.60254~1~0, LightSource><1112.367><610.3377><1~Environment~0~100~50~86.60254~1~0, LightSource><1686.448><610.2776><1~Environment~0~100~50~86.60254~1~0, DangleFruit><591.0594><583.8101><0~0~2~3, DangleFruit><562.4498><529.4915><0~0~2~3, DangleFruit><545.8131><577.8102><0~0~2~3, DangleFruit><1339.673><526.1847><0~0~2~3, LightSource><1347.384><525.3984><1~Environment~0~100~50~86.60254~1~0, DangleFruit><504.2662><584.3007><0~0~2~3, WaterNut><124.0576><474.4415><0~0~2~3, WaterNut><142.9094><474.6207><0~0~2~3, WaterNut><104.5574><470.446><0~0~2~3, CustomDecal><1146.447><420.0332><6~180~196~173~198~1~0~0~0~1~0~CandyTag~0.5~0~0.5~0~0.5~0~0.5~0, CustomDecal><-141.0626><443.4399><-1~146~144~151~155~0~0~0~0~1~0~goblin~0.5~0~0.5~0~0.5~0~0.5~0, 
FadePalette: 32, 0.326087, 0.326087
